155.93970	14953.29980
157.79930	14914.54980
159.65840	14979.39941
161.51710	15020.14941
163.37530	15161.35059
165.23300	15227.45020
167.09020	15312.95020
168.94700	15391.65039
170.80330	15451.65039
172.65910	15482.90039
174.51440	15542.29980
176.36930	15592.90039
178.22360	15641.55078
180.07760	15694.79980
181.93100	15714.25000
183.78400	15745.00000
185.63640	15748.95020
187.48850	15788.04980
189.34000	15813.09961
191.19110	15874.10059
193.04170	15920.95020
194.89180	15986.40039
196.74140	16044.25000
198.59060	16098.80078
200.43930	16166.10059
202.28750	16256.75000
204.13530	16352.50000
205.98250	16432.25000
207.82940	16558.59961
209.67570	16660.95117
211.52160	16775.25000
213.36690	16912.65039
215.21190	17025.20117
217.05630	17107.55078
218.90030	17198.79883
220.74380	17264.70117
222.58680	17322.75000
224.42940	17369.10156
226.27150	17375.19922
228.11310	17416.84961
229.95430	17432.00000
231.79490	17379.55078
233.63510	17318.40039
235.47490	17294.50000
237.31410	17188.25000
239.15300	17081.95117
240.99130	16999.59961
242.82910	16960.90039
244.66650	16890.95117
246.50340	16815.59961
248.33990	16757.00000
250.17590	16696.85156
252.01140	16609.95117
253.84640	16541.70117
255.68100	16456.94922
257.51510	16409.50000
259.34870	16396.30078
261.18190	16354.79980
263.01460	16344.55078
264.84680	16335.59961
266.67860	16288.65039
268.50990	16250.45117
270.34070	16226.34961
272.17110	16224.69922
274.00090	16265.05078
275.83040	16290.20020
277.65930	16279.84961
279.48780	16337.85059
281.31580	16307.85059
283.14330	16262.20117
284.97040	16270.00000
286.79710	16243.09961
288.62320	16187.65039
290.44890	16214.25000
292.27410	16271.20020
294.09880	16247.00000
295.92310	16274.44922
297.74690	16305.09961
299.57030	16292.59961
301.39320	16272.50098
303.21560	16281.74902
305.03760	16258.25000
306.85910	16238.25000
308.68010	16211.95020
310.50060	16149.85059
312.32070	16110.20020
314.14040	16094.45020
315.95950	16066.65039
317.77820	16056.90039
319.59650	16103.35059
321.41420	16121.19922
323.23150	16126.40039
325.04840	16152.64941
326.86470	16146.70020
328.68070	16126.29980
330.49610	16124.34961
332.31110	16136.19922
334.12560	16120.84961
335.93970	16114.45117
337.75330	16138.44922
339.56640	16135.09961
341.37910	16107.30078
343.19130	16065.84961
345.00310	16044.20020
346.81430	15988.75000
348.62520	15997.14941
350.43550	16061.39941
352.24540	16133.30078
354.05480	16221.75000
355.86380	16320.50000
357.67230	16377.20020
359.48030	16422.54883
361.28790	16476.50000
363.09510	16520.44922
364.90170	16523.09961
366.70790	16582.09961
368.51370	16627.40039
370.31890	16658.39844
372.12370	16683.84961
373.92810	16731.64844
375.73200	16732.80078
377.53540	16760.84961
379.33840	16788.35156
381.14090	16795.19922
382.94300	16806.84961
384.74460	16796.69922
386.54570	16730.94922
388.34640	16715.30078
390.14660	16713.69922
391.94640	16683.59961
393.74570	16675.65039
395.54450	16716.54883
397.34290	16773.40039
399.14080	16810.84961
400.93830	16874.79883
402.73530	16960.59961
404.53180	17052.69922
406.32790	17125.59961
408.12350	17245.79883
409.91870	17406.75000
411.71340	17574.15039
413.50760	17734.25000
415.30140	17857.00000
417.09480	17932.95117
418.88770	17997.54883
420.68010	18061.45117
422.47200	18146.25000
424.26350	18226.04883
426.05460	18375.15039
427.84520	18483.40039
429.63530	18598.45117
431.42500	18678.65039
433.21420	18773.70117
435.00300	18848.05078
436.79130	18918.65039
438.57920	18946.09961
440.36650	18983.20117
442.15350	18955.30078
443.94000	18842.50000
445.72600	18743.34961
447.51160	18604.30078
449.29670	18431.69922
451.08140	18290.84961
452.86560	18210.00000
454.64930	18118.64844
456.43260	18088.05078
458.21550	18031.40039
459.99780	17987.95117
461.77980	17922.15039
463.56120	17857.94922
465.34230	17769.75000
467.12280	17747.75000
468.90300	17691.25000
470.68260	17666.04883
472.46180	17617.80078
474.24060	17614.14844
476.01890	17579.09961
477.79670	17613.34961
479.57410	17631.40039
481.35110	17641.29883
483.12760	17647.60156
484.90360	17640.59961
486.67920	17627.44922
488.45430	17562.44922
490.22900	17563.20117
492.00320	17531.70117
493.77700	17516.15039
495.55030	17500.50000
497.32320	17561.54883
499.09560	17593.34961
500.86750	17628.64844
502.63900	17644.69922
504.41010	17662.55078
506.18070	17621.04883
507.95090	17588.65039
509.72060	17584.44922
511.48980	17600.20117
513.25860	17650.50000
515.02700	17706.75000
516.79490	17794.80078
518.56230	17844.59961
520.32930	17892.34961
522.09590	17864.84961
523.86200	17912.54883
525.62760	17913.19922
527.39280	17939.75000
529.15760	17967.75000
530.92190	18060.90039
532.68570	18131.94922
534.44910	18162.79883
536.21210	18162.34961
537.97450	18112.15039
539.73660	18036.44922
541.49820	17896.30078
543.25940	17813.30078
545.02010	17716.90039
546.78030	17687.79883
548.54020	17657.04883
550.29950	17626.10156
552.05840	17609.30078
553.81690	17623.65039
555.57490	17577.90039
557.33250	17541.15039
559.08960	17576.19922
560.84630	17596.90039
562.60250	17583.00000
564.35830	17658.95117
566.11360	17699.50000
567.86850	17726.54883
569.62290	17743.15039
571.37690	17791.90039
573.13040	17767.00000
574.88350	17797.79883
576.63620	17810.00000
578.38840	17766.84961
580.14010	17731.00000
581.89140	17698.20117
583.64230	17630.05078
585.39270	17590.09961
587.14260	17603.20117
588.89220	17593.19922
590.64120	17601.65039
592.38990	17613.39844
594.13810	17613.59961
595.88580	17583.80078
597.63310	17595.70117
599.37990	17641.84961
601.12630	17651.25000
602.87230	17644.40039
604.61790	17707.80078
606.36290	17718.04883
608.10750	17686.50000
609.85170	17731.80078
611.59550	17782.95117
613.33870	17813.19922
615.08160	17854.65039
616.82400	17923.34961
618.56600	17953.04883
620.30750	17976.50000
622.04860	18020.34961
623.78920	18079.70117
625.52940	18124.40039
627.26920	18123.34961
629.00840	18117.34961
630.74730	18058.05078
632.48570	17986.84961
634.22370	17914.20117
635.96120	17851.10156
637.69830	17822.95117
639.43500	17853.29883
641.17120	17878.65039
642.90690	17927.09961
644.64230	17974.75000
646.37710	18028.15039
648.11160	18032.00000
649.84560	18061.65039
651.57910	18059.10156
653.31230	18089.70117
655.04490	18070.70117
656.77720	18084.84961
658.50890	18069.59961
660.24030	18066.25000
661.97120	18090.70117
663.70170	18141.05078
665.43170	18165.55078
667.16130	18206.15039
668.89040	18227.39844
670.61910	18173.75000
672.34740	18122.59961
674.07520	18062.04883
675.80260	17994.10156
677.52950	17999.94922
679.25600	18047.80078
680.98210	18056.05078
682.70780	18073.00000
684.43290	18135.44922
686.15770	18103.65039
687.88200	18104.44922
689.60590	18121.59961
691.32930	18141.59961
693.05230	18095.90039
694.77480	18083.09961
696.49690	18030.84961
698.21860	17997.59961
699.93990	17980.00000
701.66070	17944.20117
703.38100	17931.05078
705.10100	17875.50000
706.82050	17867.09961
708.53960	17857.20117
710.25810	17870.80078
711.97630	17897.20117
713.69410	17990.94922
715.41140	18051.59961
717.12820	18100.34961
718.84470	18191.90039
720.56070	18248.00000
722.27620	18266.25000
723.99130	18284.40039
725.70600	18343.44922
727.42030	18408.09961
729.13410	18511.39844
730.84750	18590.59961
732.56040	18681.05078
734.27290	18698.79883
735.98500	18707.05078
737.69660	18679.04883
739.40780	18680.45117
741.11850	18659.65039
742.82890	18649.05078
744.53880	18652.59961
746.24820	18641.40039
747.95720	18617.05078
749.66580	18613.34961
751.37400	18686.05078
753.08170	18710.14844
754.78900	18739.84961
756.49580	18849.40039
758.20230	18903.80078
759.90820	18872.79883
761.61380	18858.80078
763.31890	18842.35156
765.02360	18751.04883
766.72780	18699.75000
768.43160	18672.59961
770.13500	18672.69922
771.83800	18677.79883
773.54050	18703.45117
775.24260	18700.50000
776.94420	18704.25000
778.64540	18717.85156
780.34620	18719.10156
782.04650	18753.09961
783.74650	18816.25000
785.44590	18902.59961
787.14500	19010.34961
788.84360	19197.55078
790.54180	19397.85156
792.23960	19627.84961
793.93690	19927.05078
795.63380	20198.55078
797.33020	20475.15039
799.02620	20746.00000
800.72190	20992.04883
802.41700	21137.29883
804.11180	21253.90039
805.80610	21290.50000
807.49990	21301.29883
809.19340	21216.75000
810.88640	21122.60156
812.57900	20982.34961
814.27110	20781.94922
815.96280	20523.84961
817.65420	20265.79883
819.34500	19997.50000
821.03550	19762.70117
822.72550	19592.25000
824.41500	19462.04883
826.10420	19374.19922
827.79290	19340.50000
829.48110	19306.40039
831.16900	19278.55078
832.85640	19214.64844
834.54350	19138.55078
836.23000	19034.50000
837.91610	18952.09961
839.60190	18883.25000
841.28720	18799.00000
842.97200	18773.34961
844.65640	18728.34961
846.34050	18696.34961
848.02400	18654.90039
849.70720	18696.95117
851.38990	18710.05078
853.07210	18755.35156
854.75400	18865.19922
856.43540	18922.59961
858.11650	19003.75000
859.79710	19090.25000
861.47720	19186.15039
863.15690	19172.25000
864.83620	19173.50000
866.51510	19137.05078
868.19350	19132.05078
869.87150	19094.65039
871.54910	19077.15039
873.22630	19104.65039
874.90300	19126.55078
876.57930	19119.90039
878.25520	19122.15039
879.93070	19168.00000
881.60570	19195.25000
883.28030	19244.84961
884.95450	19325.75000
886.62830	19413.54883
888.30160	19439.15039
889.97450	19487.44922
891.64700	19481.65039
893.31910	19462.09961
894.99070	19460.30078
896.66190	19511.25000
898.33270	19563.34961
900.00310	19670.65039
901.67300	19747.25000
903.34250	19836.20117
905.01160	19881.14844
906.68020	19950.20117
908.34850	19992.09961
910.01630	20101.25000
911.68370	20186.45117
913.35070	20370.19922
915.01720	20541.60156
916.68330	20774.30078
918.34910	20946.95117
920.01430	21110.00000
921.67920	21171.44922
923.34360	21200.54883
925.00760	21117.10156
926.67120	20991.65039
928.33440	20832.34961
929.99710	20633.54883
931.65940	20437.30078
933.32130	20246.45117
934.98280	20161.65039
936.64390	20085.95117
938.30440	20080.75000
939.96470	20073.75000
941.62450	20101.59961
943.28380	20063.65039
944.94270	20038.84961
946.60130	20005.69922
948.25940	19945.65039
949.91710	19901.25000
951.57430	19883.79883
953.23110	19905.59961
954.88760	19937.05078
956.54360	19981.55078
958.19920	20040.30078
959.85430	20026.05078
961.50900	19978.65039
963.16340	19857.59961
964.81730	19787.25000
966.47070	19693.69922
968.12380	19635.50000
969.77640	19581.30078
971.42860	19620.04883
973.08040	19601.05078
974.73180	19588.80078
976.38280	19604.55078
978.03330	19621.50000
979.68340	19609.59961
981.33310	19618.30078
982.98240	19637.40039
984.63130	19645.75000
986.27970	19649.80078
987.92770	19637.90039
989.57540	19609.25000
991.22250	19573.34961
992.86930	19512.80078
994.51570	19413.54883
996.16160	19340.80078
997.80710	19314.10156
999.45220	19253.19922
1001.09690	19222.69922
1002.74110	19231.45117
1004.38500	19186.35156
1006.02840	19167.15039
1007.67140	19162.40039
1009.31410	19118.05078
1010.95620	19066.89844
1012.59800	19023.30078
1014.23930	18895.80078
1015.88020	18771.50000
1017.52080	18727.19922
1019.16090	18689.34961
1020.80050	18699.45117
1022.43980	18763.40039
1024.07870	18829.30078
1025.71720	18857.69922
1027.35510	18908.00000
1028.99270	18892.69922
1030.62990	18884.55078
1032.26670	18902.55078
1033.90310	18893.59961
1035.53890	18850.55078
1037.17440	18880.19922
1038.80960	18930.30078
1040.44430	18988.94922
1042.07860	19089.75000
1043.71240	19180.55078
1045.34590	19247.80078
1046.97890	19251.34961
1048.61160	19193.25000
1050.24380	19112.00000
1051.87550	19054.55078
1053.50700	18942.79883
1055.13790	18859.89844
1056.76840	18805.34961
1058.39860	18768.44922
1060.02830	18744.70117
1061.65760	18781.45117
1063.28650	18838.29883
1064.91500	18905.05078
1066.54310	18980.54883
1068.17080	19027.50000
1069.79800	19102.29883
1071.42480	19188.25000
1073.05130	19242.55078
1074.67720	19289.64844
1076.30290	19330.69922
1077.92800	19310.30078
1079.55270	19247.79883
1081.17710	19213.90039
1082.80100	19214.84961
1084.42460	19217.69922
1086.04770	19292.64844
1087.67040	19327.55078
1089.29270	19366.50000
1090.91460	19374.50000
1092.53610	19392.75000
1094.15710	19373.05078
1095.77780	19412.50000
1097.39810	19450.89844
1099.01780	19423.30078
1100.63730	19409.75000
1102.25630	19368.15039
1103.87490	19307.79883
1105.49300	19263.75000
1107.11080	19220.75000
1108.72830	19178.79883
1110.34520	19202.44922
1111.96170	19253.50000
1113.57790	19301.75000
1115.19360	19393.30078
1116.80900	19508.09961
1118.42380	19590.40039
1120.03830	19642.40039
1121.65230	19684.80078
1123.26610	19768.55078
1124.87940	19850.55078
1126.49220	19955.09961
1128.10460	20026.54883
1129.71670	20107.19922
1131.32840	20105.55078
1132.93960	20076.69922
1134.55040	20055.35156
1136.16080	20096.64844
1137.77080	20112.69922
1139.38040	20214.05078
1140.98950	20370.65039
1142.59840	20494.90039
1144.20670	20653.50000
1145.81470	20812.65039
1147.42220	20895.70117
1149.02940	20936.50000
1150.63610	20981.95117
1152.24240	21012.90039
1153.84840	21044.20117
1155.45390	21131.45117
1157.05900	21173.15039
1158.66370	21230.69922
1160.26790	21310.40039
1161.87180	21402.50000
1163.47530	21533.25000
1165.07840	21741.20117
1166.68100	21983.59961
1168.28330	22252.50000
1169.88510	22610.34961
1171.48670	23000.54883
1173.08760	23431.09961
1174.68840	23861.15039
1176.28860	24216.09961
1177.88840	24508.75000
1179.48780	24643.94922
1181.08680	24681.09961
1182.68540	24589.50000
1184.28360	24408.34961
1185.88150	24158.59961
1187.47890	23887.75000
1189.07580	23595.00000
1190.67240	23299.75000
1192.26860	23010.70117
1193.86440	22744.05078
1195.45970	22522.75000
1197.05470	22296.59961
1198.64930	22118.40039
1200.24340	21973.15039
1201.83720	21841.59961
1203.43050	21779.59961
1205.02340	21756.05078
1206.61600	21767.34961
1208.20810	21856.55078
1209.79990	21904.80078
1211.39120	22012.30078
1212.98220	22132.65039
1214.57260	22301.34961
1216.16280	22491.35156
1217.75260	22762.30078
1219.34180	22993.04883
1220.93080	23245.75000
1222.51930	23424.55078
1224.10730	23557.29883
1225.69510	23605.59961
1227.28230	23572.75000
1228.86930	23464.14844
1230.45580	23346.79883
1232.04190	23123.94922
1233.62760	22892.84961
1235.21290	22629.40039
1236.79770	22331.35156
1238.38220	21983.25000
1239.96630	21687.34961
1241.55000	21413.00000
1243.13330	21200.55078
1244.71620	21050.90039
1246.29870	20955.69922
1247.88070	20886.89844
1249.46240	20793.64844
1251.04370	20680.90039
1252.62460	20558.80078
1254.20510	20451.09961
1255.78520	20349.89844
1257.36490	20313.05078
1258.94410	20324.30078
1260.52290	20414.75000
1262.10140	20544.55078
1263.67960	20670.69922
1265.25720	20815.25000
1266.83450	20922.44922
1268.41140	20969.50000
1269.98790	20948.85156
1271.56400	20974.84961
1273.13960	20982.75000
1274.71500	21031.59961
1276.28980	21105.09961
1277.86430	21195.59961
1279.43840	21251.75000
1281.01210	21286.09961
1282.58530	21321.69922
1284.15820	21417.95117
1285.73070	21574.65039
1287.30290	21841.55078
1288.87450	22163.84961
1290.44580	22550.15039
1292.01670	22897.09961
1293.58720	23284.15039
1295.15730	23584.54883
1296.72710	23801.94922
1298.29640	23939.64844
1299.86520	23999.00000
1301.43370	23924.75000
1303.00180	23739.64844
1304.56960	23478.55078
1306.13700	23179.75000
1307.70390	22856.40039
1309.27040	22503.94922
1310.83650	22224.09961
1312.40220	22007.84961
1313.96750	21824.84961
1315.53250	21666.80078
1317.09700	21606.50000
1318.66130	21526.75000
1320.22500	21533.80078
1321.78830	21494.40039
1323.35130	21546.89844
1324.91380	21574.55078
1326.47600	21643.09961
1328.03770	21663.15039
1329.59910	21743.65039
1331.16020	21770.09961
1332.72070	21809.80078
1334.28090	21889.69922
1335.84070	21982.85156
1337.40010	22090.90039
1338.95910	22232.94922
1340.51770	22411.09961
1342.07590	22607.15039
1343.63380	22772.80078
1345.19120	22910.50000
1346.74830	23032.00000
1348.30490	23120.80078
1349.86110	23202.70117
1351.41700	23363.59961
1352.97240	23562.29883
1354.52750	23849.59961
1356.08220	24191.29883
1357.63650	24585.59961
1359.19030	25076.09961
1360.74380	25602.79883
1362.29690	26143.09961
1363.84960	26701.25000
1365.40200	27221.30078
1366.95390	27598.79883
1368.50540	27860.75000
1370.05650	27999.20117
1371.60730	27982.50000
1373.15760	27817.80078
1374.70750	27598.34961
1376.25710	27372.09961
1377.80630	27055.65039
1379.35510	26768.84961
1380.90340	26504.90039
1382.45140	26281.80078
1383.99900	26085.69922
1385.54630	25911.45117
1387.09300	25756.00000
1388.63950	25681.55078
1390.18550	25584.09961
1391.73120	25539.25000
1393.27640	25541.90039
1394.82130	25584.59961
1396.36570	25585.09961
1397.90980	25672.30078
1399.45350	25752.05078
1400.99680	25891.15039
1402.53970	26006.90039
1404.08230	26093.89844
1405.62440	26073.95117
1407.16610	25970.30078
1408.70740	25778.25000
1410.24840	25561.30078
1411.78890	25348.90039
1413.32910	25102.25000
1414.86890	24912.50000
1416.40830	24744.90039
1417.94730	24597.40039
1419.48600	24431.75000
1421.02420	24344.45117
1422.56200	24216.39844
1424.09950	24065.65039
1425.63650	23841.00000
1427.17320	23646.90039
1428.70950	23418.90039
1430.24540	23176.60156
1431.78090	22989.00000
1433.31590	22874.15039
1434.85070	22766.59961
1436.38500	22735.19922
1437.91890	22705.94922
1439.45250	22675.94922
1440.98570	22690.50000
1442.51860	22707.40039
1444.05090	22666.05078
1445.58290	22638.94922
1447.11450	22655.90039
1448.64580	22679.65039
1450.17660	22667.65039
1451.70700	22686.80078
1453.23720	22764.59961
1454.76680	22790.50000
1456.29610	22758.94922
1457.82510	22735.05078
1459.35350	22758.94922
1460.88170	22774.15039
1462.40940	22766.40039
1463.93680	22798.04883
1465.46370	22903.59961
1466.99040	22937.90039
1468.51660	22928.84961
1470.04240	22964.90039
1471.56790	22943.34961
1473.09290	22856.75000
1474.61760	22775.39844
1476.14180	22739.40039
1477.66580	22682.00000
1479.18920	22652.75000
1480.71230	22669.40039
1482.23510	22702.54883
1483.75740	22759.19922
1485.27940	22823.75000
1486.80090	22906.70117
1488.32210	22989.59961
1489.84300	23110.54883
1491.36340	23192.60156
1492.88340	23236.20117
1494.40310	23288.20117
1495.92240	23341.34961
1497.44130	23365.44922
1498.95970	23333.19922
1500.47790	23300.15039
1501.99560	23233.75000
1503.51290	23157.84961
1505.02990	23018.44922
1506.54650	22915.44922
1508.06260	22842.80078
1509.57850	22742.50000
1511.09390	22632.34961
1512.60900	22552.94922
1514.12370	22495.40039
1515.63790	22442.79883
1517.15190	22396.80078
1518.66530	22375.54883
1520.17850	22357.19922
1521.69120	22265.95117
1523.20360	22173.50000
1524.71560	22093.80078
1526.22720	22009.44922
1527.73840	21896.60156
1529.24930	21867.25000
1530.75960	21866.14844
1532.26980	21886.94922
1533.77940	21873.84961
1535.28870	21886.14844
1536.79770	21914.95117
1538.30630	21879.44922
1539.81430	21850.90039
1541.32210	21762.65039
1542.82960	21706.65039
1544.33650	21595.14844
1545.84330	21556.45117
1547.34950	21473.95117
1548.85530	21496.00000
1550.36080	21502.59961
1551.86600	21552.90039
1553.37070	21549.84961
1554.87510	21587.59961
1556.37900	21583.04883
1557.88270	21603.79883
1559.38590	21627.25000
1560.88870	21722.69922
1562.39110	21785.19922
1563.89320	21913.75000
1565.39490	22060.75000
1566.89620	22208.15039
1568.39710	22310.79883
1569.89770	22437.79883
1571.39780	22493.85156
1572.89770	22535.94922
1574.39710	22523.40039
1575.89610	22498.20117
1577.39480	22446.14844
1578.89310	22447.55078
1580.39100	22415.65039
1581.88840	22429.09961
1583.38560	22500.55078
1584.88240	22635.30078
1586.37880	22814.29883
1587.87480	23110.25000
1589.37040	23509.00000
1590.86560	23893.34961
1592.36050	24302.84961
1593.85500	24716.59961
1595.34910	25081.75000
1596.84290	25349.34961
1598.33620	25587.40039
1599.82920	25758.29883
1601.32180	25895.25000
1602.81410	25954.59961
1604.30590	26045.40039
1605.79740	26152.95117
1607.28850	26400.29883
1608.77920	26741.25000
1610.26950	27246.50000
1611.75950	27877.04883
1613.24910	28679.19922
1614.73830	29565.54883
1616.22720	30462.20117
1617.71560	31321.29883
1619.20370	32091.20117
1620.69140	32611.19922
1622.17870	32858.64844
1623.66560	32797.00000
1625.15220	32412.44922
1626.63840	31703.44922
1628.12430	30802.50000
1629.60970	29731.50000
1631.09480	28635.05078
1632.57960	27509.90039
1634.06380	26525.80078
1635.54790	25649.94922
1637.03140	24898.79883
1638.51450	24260.64844
1639.99740	23827.65039
1641.47990	23419.60156
1642.96190	23124.84961
1644.44360	22868.90039
1645.92490	22673.55078
1647.40590	22470.40039
1648.88650	22314.29883
1650.36670	22166.34961
1651.84660	22028.04883
1653.32590	21878.29883
1654.80510	21752.00000
1656.28380	21625.14844
1657.76210	21534.84961
1659.24010	21517.25000
1660.71770	21482.60156
1662.19480	21443.59961
1663.67180	21472.30078
1665.14820	21477.90039
1666.62430	21445.55078
1668.10000	21433.50000
1669.57530	21442.14844
1671.05030	21361.45117
1672.52490	21252.69922
1673.99910	21130.00000
1675.47300	20987.84961
1676.94650	20894.44922
1678.41960	20792.70117
1679.89230	20706.29883
1681.36470	20717.94922
1682.83670	20714.29883
1684.30830	20645.05078
1685.77950	20613.10156
1687.25050	20594.05078
1688.72090	20490.50000
1690.19100	20391.20117
1691.66090	20305.64844
1693.13020	20228.19922
1694.59920	20166.59961
1696.06790	20090.50000
1697.53610	20094.09961
1699.00420	20097.34961
1700.47170	20134.30078
1701.93880	20187.75000
1703.40560	20267.84961
1704.87210	20334.34961
1706.33800	20451.84961
1707.80370	20532.94922
1709.26900	20555.90039
1710.73400	20560.40039
1712.19860	20514.50000
1713.66280	20401.95117
1715.12660	20274.79883
1716.59010	20196.19922
1718.05320	20128.59961
1719.51590	20071.50000
1720.97830	20040.35156
1722.44020	20036.09961
1723.90190	20012.94922
1725.36300	20006.90039
1726.82400	20027.34961
1728.28440	20029.29883
1729.74460	19964.75000
1731.20430	19904.50000
1732.66380	19858.50000
1734.12280	19787.75000
1735.58140	19708.94922
1737.03980	19687.55078
1738.49770	19620.69922
1739.95520	19524.90039
1741.41250	19452.84961
1742.86930	19347.50000
1744.32570	19236.30078
1745.78170	19107.55078
1747.23750	19020.50000
1748.69290	18939.80078
1750.14780	18922.15039
1751.60240	18971.59961
1753.05660	19084.40039
1754.51050	19190.44922
1755.96410	19240.45117
1757.41720	19324.60156
1758.87000	19375.69922
1760.32240	19384.50000
1761.77440	19365.50000
1763.22610	19390.29883
1764.67740	19363.79883
1766.12840	19327.34961
1767.57900	19340.59961
1769.02920	19330.30078
1770.47900	19360.05078
1771.92850	19383.40039
1773.37760	19437.04883
1774.82630	19511.34961
1776.27470	19614.50000
1777.72270	19662.09961
1779.17030	19748.29883
1780.61770	19737.95117
1782.06460	19690.79883
1783.51110	19598.59961
1784.95730	19556.44922
1786.40310	19476.34961
1787.84850	19432.70117
1789.29360	19357.25000
1790.73840	19334.95117
1792.18270	19280.50000
1793.62670	19217.65039
1795.07030	19142.39844
1796.51350	19112.65039
1797.95650	19154.44922
1799.39900	19220.69922
1800.84120	19290.65039
1802.28300	19389.79883
1803.72450	19516.95117
1805.16550	19560.29883
1806.60620	19592.54883
1808.04660	19652.05078
1809.48660	19683.00000
1810.92610	19664.34961
1812.36550	19624.50000
1813.80430	19520.50000
1815.24290	19395.04883
1816.68100	19292.05078
1818.11890	19215.65039
1819.55630	19178.29883
1820.99340	19172.04883
1822.43010	19184.64844
1823.86650	19217.94922
1825.30240	19223.95117
1826.73800	19183.04883
1828.17330	19172.34961
1829.60820	19180.84961
1831.04270	19183.44922
1832.47690	19181.50000
1833.91080	19238.90039
1835.34420	19276.40039
1836.77720	19304.15039
1838.21000	19335.65039
1839.64230	19374.50000
1841.07430	19407.60156
1842.50600	19435.55078
1843.93730	19425.94922
1845.36820	19397.69922
1846.79870	19385.19922
1848.22900	19307.30078
1849.65880	19251.04883
1851.08830	19231.40039
1852.51730	19204.79883
1853.94620	19164.00000
1855.37450	19204.69922
1856.80260	19253.70117
1858.23020	19306.75000
1859.65760	19366.54883
1861.08450	19417.75000
1862.51110	19452.80078
1863.93730	19475.05078
1865.36320	19431.04883
1866.78870	19411.50000
1868.21390	19420.34961
1869.63870	19390.59961
1871.06300	19346.19922
1872.48710	19381.50000
1873.91080	19430.65039
1875.33410	19428.69922
1876.75720	19408.90039
1878.17980	19420.69922
1879.60210	19395.30078
1881.02390	19316.90039
1882.44560	19213.90039
1883.86670	19085.55078
1885.28760	18941.40039
1886.70800	18788.65039
1888.12820	18657.44922
1889.54790	18607.54883
1890.96730	18643.79883
1892.38640	18692.55078
1893.80510	18753.75000
1895.22340	18831.59961
1896.64140	18894.10156
1898.05900	18950.00000
1899.47620	18939.19922
1900.89310	18948.70117
1902.30960	18890.50000
1903.72580	18813.05078
1905.14160	18709.40039
1906.55700	18658.20117
1907.97220	18623.55078
1909.38700	18631.55078
1910.80130	18689.84961
1912.21530	18769.25000
1913.62900	18813.54883
1915.04240	18825.20117
1916.45530	18892.55078
1917.86790	18920.75000
1919.28020	18973.50000
1920.69200	19044.20117
1922.10350	19142.30078
1923.51480	19221.19922
1924.92550	19295.09961
1926.33610	19326.09961
1927.74610	19380.54883
1929.15590	19376.04883
1930.56530	19376.64844
1931.97440	19360.19922
1933.38310	19353.19922
1934.79140	19291.00000
1936.19930	19288.29883
1937.60690	19238.40039
1939.01420	19226.34961
1940.42110	19228.59961
1941.82760	19267.00000
1943.23390	19320.79883
1944.63980	19311.59961
1946.04520	19292.34961
1947.45030	19274.34961
1948.85510	19244.50000
1950.25950	19155.29883
1951.66360	19124.40039
1953.06740	19064.84961
1954.47070	19015.59961
1955.87370	18957.00000
1957.27640	18901.15039
1958.67860	18904.20117
1960.08060	18917.09961
1961.48220	18901.64844
1962.88340	18941.80078
1964.28430	18987.70117
1965.68480	18992.75000
1967.08500	19025.85156
1968.48490	19054.54883
1969.88430	19078.00000
1971.28340	19133.29883
1972.68210	19186.25000
1974.08060	19239.69922
1975.47860	19251.40039
1976.87630	19261.50000
1978.27370	19241.69922
1979.67070	19210.64844
1981.06730	19181.79883
1982.46360	19199.84961
1983.85950	19191.75000
1985.25510	19170.54883
1986.65040	19171.00000
1988.04530	19160.84961
1989.43980	19117.25000
1990.83400	19083.29883
1992.22780	19044.59961
1993.62120	18978.65039
1995.01440	18929.45117
1996.40710	18912.44922
1997.79960	18907.59961
1999.19170	18917.45117
2000.58340	18931.59961
2001.97470	18955.80078
2003.36570	18937.09961
2004.75630	18911.40039
2006.14670	18889.94922
2007.53660	18895.25000
2008.92630	18868.65039
2010.31560	18861.80078
2011.70450	18862.25000
2013.09300	18896.09961
2014.48120	18870.50000
2015.86900	18880.29883
2017.25660	18848.40039
2018.64370	18836.29883
2020.03050	18792.44922
2021.41700	18809.15039
2022.80310	18760.09961
2024.18880	18763.29883
2025.57420	18762.50000
2026.95920	18753.95117
2028.34400	18743.19922
2029.72840	18749.70117
2031.11230	18777.54883
2032.49600	18757.05078
2033.87930	18755.55078
2035.26230	18733.90039
2036.64490	18718.30078
2038.02710	18655.65039
2039.40910	18613.59961
2040.79060	18587.34961
2042.17190	18554.65039
2043.55270	18552.05078
2044.93320	18608.59961
2046.31340	18650.29883
2047.69320	18668.59961
2049.07280	18682.30078
2050.45190	18670.30078
2051.83060	18620.95117
2053.20900	18532.09961
2054.58720	18441.25000
2055.96480	18386.45117
2057.34230	18337.00000
2058.71920	18314.44922
2060.09590	18385.45117
2061.47220	18439.29883
2062.84810	18502.15039
2064.22390	18541.94922
2065.59910	18595.19922
2066.97410	18609.30078
2068.34890	18633.09961
2069.72290	18611.84961
2071.09690	18596.75000
2072.47050	18567.05078
2073.84370	18477.20117
2075.21660	18392.55078
2076.58910	18289.90039
2077.96120	18211.94922
2079.33300	18116.65039
2080.70460	18100.05078
2082.07570	18145.00000
2083.44650	18260.40039
2084.81690	18326.15039
2086.18700	18449.04883
2087.55690	18527.70117
2088.92630	18543.25000
2090.29540	18528.59961
2091.66410	18580.85156
2093.03250	18575.44922
2094.40040	18597.00000
2095.76810	18663.00000
2097.13550	18715.20117
2098.50240	18782.50000
2099.86910	18800.25000
2101.23540	18798.95117
2102.60130	18817.50000
2103.96700	18818.64844
2105.33230	18788.09961
2106.69730	18818.45117
2108.06180	18840.14844
2109.42600	18826.75000
2110.78980	18813.34961
2112.15330	18814.14844
2113.51660	18811.09961
2114.87940	18830.09961
2116.24190	18811.15039
2117.60420	18798.10156
2118.96610	18742.75000
2120.32740	18627.80078
2121.68850	18539.45117
2123.04930	18374.25000
2124.40990	18279.25000
2125.77000	18215.19922
2127.12960	18205.79883
2128.48930	18152.10156
2129.84810	18196.65039
2131.20700	18253.65039
2132.56540	18306.89844
2133.92330	18375.94922
2135.28100	18468.59961
2136.63840	18613.50000
2137.99560	18691.50000
2139.35210	18782.14844
2140.70850	18884.69922
2142.06450	18925.54883
2143.42020	18955.59961
2144.77540	18974.69922
2146.13040	18988.15039
2147.48510	18960.40039
2148.83940	18958.75000
2150.19340	18880.59961
2151.54690	18810.90039
2152.90010	18716.84961
2154.25320	18661.84961
2155.60570	18592.69922
2156.95780	18539.80078
2158.30980	18492.44922
2159.66140	18457.50000
2161.01250	18385.59961
2162.36350	18380.59961
2163.71390	18400.90039
2165.06420	18389.55078
2166.41410	18387.05078
2167.76340	18409.90039
2169.11250	18444.25000
2170.46140	18502.69922
2171.81010	18580.84961
2173.15820	18670.19922
2174.50590	18826.70117
2175.85330	18948.85156
2177.20040	19015.59961
2178.54740	19084.75000
2179.89380	19097.75000
2181.23970	19071.55078
2182.58570	18978.84961
2183.93090	18903.19922
2185.27610	18827.79883
2186.62080	18765.59961
2187.96530	18653.40039
2189.30930	18580.50000
2190.65310	18533.65039
2191.99660	18515.19922
2193.33960	18466.84961
2194.68210	18433.00000
2196.02470	18414.64844
2197.36670	18370.34961
2198.70830	18297.84961
2200.04980	18280.45117
2201.39060	18234.30078
2202.73140	18204.90039
2204.07180	18189.00000
2205.41160	18204.20117
2206.75150	18233.25000
2208.09080	18312.25000
2209.42970	18388.05078
2210.76830	18444.44922
2212.10670	18442.80078
2213.44460	18450.44922
2214.78220	18381.19922
2216.11960	18347.80078
2217.45650	18282.19922
2218.79320	18238.59961
2220.12940	18144.60156
2221.46530	18100.69922
2222.80100	18015.35156
2224.13620	17970.25000
2225.47120	17953.79883
2226.80590	17968.05078
2228.14010	18018.00000
2229.47410	18113.65039
2230.80760	18203.94922
2232.14090	18283.09961
2233.47390	18324.90039
2234.80640	18332.10156
2236.13870	18292.94922
2237.47070	18233.39844
2238.80220	18190.34961
2240.13330	18163.69922
2241.46440	18177.50000
2242.79490	18160.05078
2244.12500	18214.00000
2245.45510	18293.55078
2246.78470	18336.25000
2248.11380	18363.09961
2249.44260	18422.89844
2250.77120	18440.30078
2252.09940	18408.25000
2253.42720	18421.90039
2254.75490	18393.95117
2256.08200	18346.59961
2257.40890	18296.69922
2258.73560	18199.00000
2260.06180	18108.94922
2261.38770	18031.80078
2262.71310	17942.19922
2264.03830	17827.20117
2265.36330	17776.70117
2266.68770	17736.00000
2268.01200	17743.35156
2269.33590	17811.39844
2270.65940	17880.40039
2271.98270	18008.14844
2273.30540	18160.09961
2274.62790	18309.25000
2275.95020	18429.45117
2277.27200	18548.44922
2278.59350	18654.65039
2279.91480	18718.84961
2281.23560	18760.40039
2282.55620	18788.59961
2283.87650	18807.15039
2285.19630	18788.90039
2286.51590	18776.39844
2287.83500	18718.89844
2289.15380	18674.55078
2290.47240	18575.65039
2291.79050	18492.55078
2293.10840	18374.55078
2294.42600	18301.54883
2295.74320	18204.75000
2297.06010	18193.65039
2298.37670	18137.05078
2299.69290	18114.00000
2301.00880	18040.59961
2302.32420	18058.95117
2303.63940	18027.65039
2304.95430	18053.20117
2306.26880	18090.55078
2307.58300	18126.15039
2308.89700	18156.09961
2310.21040	18229.39844
2311.52370	18275.09961
2312.83670	18286.29883
2314.14920	18375.29883
2315.46140	18377.25000
2316.77340	18382.50000
2318.08500	18374.00000
2319.39620	18440.09961
2320.70700	18449.09961
2322.01760	18528.59961
2323.32790	18561.25000
2324.63770	18612.40039
2325.94730	18609.84961
2327.25660	18631.20117
2328.56540	18612.25000
2329.87400	18623.59961
2331.18240	18624.25000
2332.49020	18598.59961
2333.79790	18556.00000
2335.10520	18489.45117
2336.41210	18408.19922
2337.71870	18372.90039
2339.02490	18351.34961
2340.33110	18305.39844
2341.63650	18325.25000
2342.94190	18338.34961
2344.24680	18329.40039
2345.55150	18338.09961
2346.85570	18391.40039
2348.15970	18415.15039
2349.46340	18488.60156
2350.76660	18566.55078
2352.06960	18651.55078
2353.37230	18725.84961
2354.67480	18795.50000
2355.97680	18861.00000
2357.27830	18853.19922
2358.57960	18809.84961
2359.88060	18777.95117
2361.18140	18744.45117
2362.48170	18690.94922
2363.78170	18721.04883
2365.08150	18787.65039
2366.38090	18812.19922
2367.67990	18847.94922
2368.97880	18900.19922
2370.27710	18889.39844
2371.57520	18857.34961
2372.87280	18859.84961
2374.17020	18853.75000
2375.46730	18818.70117
2376.76420	18816.15039
2378.06050	18796.55078
2379.35670	18765.00000
2380.65230	18725.79883
2381.94780	18706.00000
2383.24290	18621.94922
2384.53780	18585.34961
2385.83230	18579.84961
2387.12650	18607.59961
2388.42020	18649.30078
2389.71360	18772.75000
2391.00680	18894.15039
2392.29960	18992.15039
2393.59230	19065.50000
2394.88430	19100.84961
2396.17630	19096.69922
2397.46780	19072.69922
2398.75900	18997.75000
2400.04980	18905.59961
2401.34030	18838.90039
2402.63060	18777.09961
2403.92040	18715.55078
2405.21020	18686.25000
2406.49930	18647.44922
2407.78830	18606.19922
2409.07690	18585.09961
2410.36520	18570.60156
2411.65310	18537.80078
2412.94070	18524.65039
2414.22800	18496.29883
2415.51490	18459.30078
2416.80180	18408.80078
2418.08790	18420.59961
2419.37400	18430.69922
2420.65970	18485.65039
2421.94510	18529.84961
2423.23000	18595.94922
2424.51460	18636.64844
2425.79910	18676.29883
2427.08330	18667.00000
2428.36690	18637.40039
2429.65040	18615.29883
2430.93330	18615.65039
2432.21610	18613.45117
2433.49850	18663.79883
2434.78080	18787.50000
2436.06250	18887.90039
2437.34400	18985.40039
2438.62500	19037.44922
2439.90600	19092.59961
2441.18650	19067.34961
2442.46660	19040.84961
2443.74630	18977.05078
2445.02590	18968.55078
2446.30520	18924.55078
2447.58400	18913.30078
2448.86250	18881.50000
2450.14090	18872.84961
2451.41870	18857.75000
2452.69630	18838.00000
2453.97360	18825.44922
2455.25050	18824.25000
2456.52710	18798.04883
2457.80350	18785.79883
2459.07960	18804.90039
2460.35520	18784.04883
2461.63040	18766.94922
2462.90550	18749.69922
2464.18020	18710.25000
2465.45460	18628.30078
2466.72850	18580.59961
2468.00240	18545.10156
2469.27560	18502.59961
2470.54880	18473.55078
2471.82150	18480.34961
2473.09400	18483.90039
2474.36620	18457.95117
2475.63790	18518.40039
2476.90940	18576.55078
2478.18070	18620.15039
2479.45140	18719.04883
2480.72190	18839.50000
2481.99220	18889.75000
2483.26200	18918.84961
2484.53150	18952.79883
2485.80080	18913.70117
2487.06980	18880.79883
2488.33840	18860.25000
2489.60670	18849.94922
2490.87450	18843.15039
2492.14230	18890.59961
2493.40940	18952.94922
2494.67650	19087.54883
2495.94310	19225.40039
2497.20950	19395.84961
2498.47560	19507.40039
2499.74120	19628.40039
2501.00680	19624.09961
2502.27170	19638.09961
2503.53660	19604.34961
2504.80100	19598.44922
2506.06520	19587.59961
2507.32890	19627.15039
2508.59250	19626.00000
2509.85550	19593.54883
2511.11840	19580.84961
2512.38090	19537.70117
2513.64310	19508.30078
2514.90500	19503.34961
2516.16650	19506.90039
2517.42800	19465.89844
2518.68870	19438.90039
2519.94950	19379.40039
2521.20970	19314.04883
2522.46970	19283.00000
2523.72950	19253.00000
2524.98880	19220.60156
2526.24780	19194.20117
2527.50630	19180.40039
2528.76490	19142.69922
2530.02290	19150.00000
2531.28080	19162.65039
2532.53810	19228.95117
2533.79520	19268.50000
2535.05200	19312.40039
2536.30860	19337.85156
2537.56470	19376.04883
2538.82060	19382.44922
2540.07620	19422.65039
2541.33130	19442.95117
2542.58620	19460.30078
2543.84080	19433.60156
2545.09500	19334.95117
2546.34910	19188.04883
2547.60280	19135.65039
2548.85600	19001.19922
2550.10890	18925.84961
2551.36160	18941.30078
2552.61400	19002.50000
2553.86620	19044.29883
2555.11790	19185.25000
2556.36940	19276.10156
2557.62040	19353.95117
2558.87110	19476.94922
2560.12160	19520.25000
2561.37180	19540.69922
2562.62160	19551.65039
2563.87110	19564.80078
2565.12040	19527.00000
2566.36940	19561.90039
2567.61790	19562.75000
2568.86620	19559.59961
2570.11400	19530.50000
2571.36180	19506.69922
2572.60910	19432.89844
2573.85620	19452.80078
2575.10280	19532.40039
2576.34910	19604.00000
2577.59520	19687.30078
2578.84110	19796.75000
2580.08640	19826.54883
2581.33150	19852.25000
2582.57640	19900.25000
2583.82080	19924.84961
2585.06490	19924.29883
2586.30880	19969.20117
2587.55250	19972.50000
2588.79570	20005.44922
2590.03860	20058.65039
2591.28120	20130.65039
2592.52340	20158.65039
2593.76560	20194.59961
2595.00730	20152.00000
2596.24850	20096.04883
2597.48950	20019.95117
2598.73020	19979.59961
2599.97070	19907.75000
